# topics
topics:
  image: '/dvs/image_raw'
  tf: '/tf'
  event: '/dvs/events'

# TF frames if using /tf topic
tf_parent: 'base'
tf_child: 'tool0_controller'

# camera intrinsics and parameters
camera:
  fx: 295.1374821573644
  fy: 294.8394945668388
  cx: 171.8376700693508
  cy: 125.66829667073789
  k1: -0.38717762023965885
  k2: 0.21901330421339732
  k3: -0.07187495241833602
  p1: 6.212935381984E-4
  p2: 4.979870101577617E-4
  image_width: 346
  image_height: 260

pattern: [10,7]

event_buffer_time_ns : 500000000

feature_toggle: 
  hough : 1
  circlesGrid : 0
  sift : 1
  orb: 1
  brief: 1

board_dimensions:
  'x' : 42
  'y' : 29.7

circle_spacings: 
  'x' : [1,5,9,13,17,21,25,29,33,37]
  'y' : [4.36, 8.36, 12.36, 16.36, 20.36, 24.36, 28.36]
  'd' : [2]

delay : 1

dataset_path:
  '/home/ayush/Data/dataset'
